/*--------------------------------*- C++ -*----------------------------------*\
  =========                 |
  \\      /  F ield         | OpenFOAM: The Open Source CFD Toolbox
   \\    /   O peration     | Website:  https://openfoam.org
    \\  /    A nd           | Version:  11
     \\/     M anipulation  |
\*---------------------------------------------------------------------------*/
FoamFile
{
    format      binary;
    class       faceSet;
    location    "constant/polyMesh/sets";
    object      wrongFaces;
}
// * * * * * * * * * * * * * * * * * * * * * * * * * * * * * * * * * * * * * //


1273
(
2154497 
2154500 
2154503 
2154506 
2154509 
2154512 
2154515 
176169 
176170 
2281516 
176172 
176175 
2281519 
2281522 
2281525 
2281528 
2211898 
2281531 
2211901 
2281534 
2211904 
2281537 
2211907 
2281540 
2211910 
2281543 
2211913 
2281545 
2281547 
2211916 
2281550 
2211919 
2281553 
2211922 
2281555 
2281557 
2211925 
2211927 
2211929 
2211932 
2211935 
2211937 
2211939 
2195630 
2195633 
2195636 
2195639 
2195642 
176316 
176317 
2195645 
176318 
2195648 
176322 
2195651 
176323 
176325 
2195654 
2195657 
2195660 
2195663 
2195666 
176340 
176341 
2195669 
176342 
176343 
2195672 
2224345 
176346 
176347 
2195675 
176348 
2224348 
176349 
2224351 
176352 
176353 
2224354 
2224357 
176358 
176359 
2224360 
2224363 
2224366 
2224369 
2224372 
176374 
176375 
2224375 
2224378 
176380 
2224381 
176382 
176383 
2224384 
2224387 
2224390 
2179388 
2195777 
2195780 
2195783 
2195786 
2195789 
2195792 
2195795 
2195798 
2195801 
2195804 
2195807 
2195810 
2195813 
2195816 
2195819 
2224492 
2195822 
2224495 
2224498 
2224501 
2224504 
2224507 
2224510 
2224513 
2224516 
2224519 
2224522 
2224525 
2224528 
2224531 
2224534 
2224537 
2179504 
2195892 
2261429 
2195895 
2261432 
2195898 
2261435 
2195901 
2261438 
2195904 
2261441 
2195907 
2261444 
2195910 
2261447 
2195913 
2261450 
2195916 
2261453 
197070 
2195919 
2261456 
197073 
2195921 
2195923 
2261459 
197076 
197077 
2195926 
2261462 
197079 
2195929 
2261465 
2195931 
2261468 
2195933 
2224607 
2261471 
197088 
197089 
197090 
2261474 
2224610 
197091 
2224613 
2224616 
2224619 
2224622 
2224625 
2224628 
2224631 
2224634 
2224636 
2224638 
2224641 
2224644 
2224646 
2224648 
2261576 
2261579 
2261582 
2261585 
2261588 
2261591 
2261594 
2261597 
2261600 
2261603 
2056806 
2261606 
2261609 
2261612 
2261615 
2261618 
2261621 
2269814 
2269817 
197243 
2269820 
197244 
2056830 
2269823 
2269826 
2269829 
2269832 
2269835 
2269838 
2269841 
2269844 
2269847 
2269850 
2269853 
197278 
2269856 
2269859 
197283 
197287 
197293 
2110126 
197295 
197296 
197305 
2261691 
197309 
2261694 
197310 
2261697 
2261700 
2261703 
2261706 
2261709 
2110160 
2261712 
2261714 
2261719 
2261724 
2261729 
2241283 
2241286 
2269961 
2241289 
2269964 
2241292 
2241295 
2269967 
2241298 
2269970 
2241301 
2269973 
1405718 
2269976 
2241304 
2241307 
2269979 
2269982 
2241310 
2269985 
2241313 
2269988 
2241316 
1934118 
2241319 
2269991 
2241322 
2269994 
2241325 
2269997 
2270000 
2241328 
2270003 
2270006 
2261818 
2261819 
2261824 
2261825 
2278236 
2278239 
2278242 
2278245 
2278248 
2278251 
2278254 
2278257 
2278260 
2278263 
140152 
140154 
2278266 
2270076 
2278269 
2270079 
2278272 
2270082 
2278275 
2270085 
2278278 
2270088 
140169 
2278281 
140170 
2270091 
2270094 
140175 
140176 
2270097 
2270099 
2241430 
2270104 
2241433 
2241436 
2270109 
2241439 
2241442 
2270114 
2241445 
2241448 
2241451 
2241454 
2241457 
2241460 
2241463 
2241466 
2241469 
2241472 
2241475 
2278383 
2278386 
2278389 
2278392 
2278395 
2270203 
2270204 
2278398 
2278401 
2270209 
2270210 
2278404 
2278407 
2241545 
2278410 
1897484 
2241548 
2278413 
2241551 
2278416 
2241554 
2278419 
2241557 
2278422 
2241560 
2278425 
2241563 
2278428 
2241566 
2241569 
2241572 
2241574 
2241576 
2241579 
2241582 
2241584 
2241586 
2278498 
2278501 
2278504 
2278507 
2278510 
2278513 
2274419 
2278516 
2274422 
2278519 
2274425 
2278522 
2274428 
2278525 
2274431 
2278527 
2278529 
2274434 
2278532 
2274437 
2278535 
2274440 
2278537 
2274443 
2278539 
2274446 
2274449 
2274452 
2274455 
2274458 
2274461 
2274464 
2278625 
2278626 
2073836 
2073845 
2274566 
2274569 
2274572 
2282767 
2274575 
2274578 
2282770 
2274581 
2282773 
2073878 
2274584 
2282776 
2274587 
2282779 
2274590 
2282782 
2282785 
2274593 
2282788 
2274596 
2282791 
2274599 
2274602 
2282794 
2282796 
2274605 
2282798 
2274608 
2282801 
2274611 
2282804 
2282806 
2282808 
2258242 
2258245 
2258248 
2258251 
2258254 
2258257 
2258260 
2258263 
2258266 
2258269 
2258272 
2258275 
2258278 
2258281 
2258284 
2258287 
2274681 
2274684 
2274687 
2274690 
2274693 
2274696 
2274699 
2274702 
2274704 
2274709 
2274714 
2274719 
1996208 
1996211 
1971659 
2258389 
2176469 
2258392 
2176472 
2258395 
2176475 
2258398 
2176478 
2258401 
2176481 
2258404 
2176484 
2258407 
2176487 
2258410 
2176490 
2258413 
2176493 
2258416 
2176496 
2258419 
2176499 
2258422 
2176502 
2274808 
2258425 
2176505 
2274809 
2258428 
2176508 
2274814 
2274815 
2258431 
2176511 
2258434 
2176514 
157188 
157189 
157191 
157194 
157196 
157197 
157200 
157201 
157202 
157203 
1971736 
157213 
2258504 
2258507 
2258510 
2258513 
2258516 
2258519 
2258522 
2258525 
2258527 
2258532 
190053 
2176616 
2258537 
2176619 
2258542 
2176622 
2176625 
2176628 
2176631 
2176634 
190077 
2176637 
2176640 
2176643 
190085 
2176646 
2176649 
190090 
190091 
2176652 
2176655 
190095 
190096 
157329 
157330 
2176658 
157331 
2176661 
190116 
190120 
190121 
2234039 
2234042 
2234045 
2234048 
2234051 
2234054 
2258631 
2234057 
2258635 
2234060 
2258636 
2234063 
157394 
2234066 
2234069 
2234072 
2234075 
2234078 
157407 
2234081 
2234084 
157415 
1922829 
169764 
169765 
169766 
169771 
169772 
169775 
169776 
169778 
169781 
169782 
169783 
169784 
169799 
169800 
169801 
169802 
2234186 
169805 
2234189 
169806 
169807 
169808 
2234192 
2234195 
169814 
2234198 
2234201 
169819 
169820 
2234204 
2234207 
2234210 
2234213 
2234216 
169834 
169835 
2234219 
169836 
2234222 
169839 
169840 
2234225 
2234228 
2234231 
2021255 
2021264 
1812368 
2021267 
2234301 
2234304 
2234307 
2234310 
2234313 
2254794 
2234316 
2254797 
2234319 
2254800 
2234322 
2254803 
2234325 
2254806 
2234328 
2254809 
2234330 
2254812 
2234332 
2254815 
2234335 
2254818 
2234338 
2234340 
2254821 
2234342 
2254824 
2254827 
2254830 
2254833 
2254836 
2246645 
2254839 
2246648 
2021369 
2246651 
2246654 
2246657 
2246660 
2246663 
2246666 
2246669 
2246672 
2246675 
2246678 
2246681 
2246684 
2246687 
2246690 
2267216 
2267219 
2267222 
2267225 
2267228 
2254941 
2267231 
2254944 
2267234 
2254947 
2267237 
2254950 
2267240 
2254953 
2267243 
2254956 
2267246 
2254959 
2267249 
2254962 
2267252 
2254965 
2267255 
2254968 
2267258 
2254971 
2267261 
2254974 
2254977 
2254980 
2254983 
2246792 
2254986 
2246795 
2246798 
2246801 
2246804 
2246807 
2246810 
2246813 
2246816 
2246819 
2246822 
2246825 
2246828 
2246831 
2246834 
2246837 
2250955 
2250958 
2255056 
2250961 
2255059 
2250964 
2255062 
2250967 
2255065 
2250970 
2255068 
2250973 
2255071 
2250976 
2255074 
2250979 
2267363 
2255077 
2267366 
2250982 
2255080 
2267369 
2250985 
2255082 
145644 
2267372 
2250988 
145645 
2255086 
2267375 
2250991 
145648 
2255089 
2267378 
2250994 
2267381 
2250997 
2255094 
2267384 
2251000 
2267387 
2246907 
2246910 
2267390 
2246913 
2267393 
2246916 
2267396 
2246919 
2267399 
2246922 
2267402 
2246925 
2267405 
1947919 
2246928 
2267408 
2246931 
2246934 
2246936 
2246938 
2246941 
1947934 
2246944 
2246946 
2246948 
1313087 
2267478 
2267481 
2267484 
2251102 
2267487 
2251105 
2267490 
2251108 
2267493 
2251111 
2267496 
2251114 
2267499 
2267501 
2251117 
2251120 
2267506 
2251123 
2251126 
2267511 
2251129 
145786 
2267516 
2251132 
145789 
145790 
145791 
2251135 
145792 
2251138 
2251141 
2251144 
145801 
145802 
2251147 
2279844 
2279847 
2279850 
2279853 
2279856 
2279859 
2279862 
2279865 
2279868 
2279871 
2279874 
2279877 
2279880 
2279883 
2279886 
2251217 
2279889 
2251220 
2267605 
2267606 
2251223 
2251226 
2267611 
2267612 
2251229 
2157023 
2251232 
2251235 
2251238 
2251241 
2251244 
2251246 
2251248 
2251251 
2251254 
2251256 
2251258 
2083343 
2279991 
2279994 
2279997 
2280000 
2005569 
2280003 
2280006 
2280009 
2280012 
2280015 
2280018 
2280021 
2280024 
2280027 
2280030 
2280033 
2280036 
182915 
182932 
182933 
2157205 
182934 
182935 
182938 
2157213 
2280106 
2280109 
2280112 
2280115 
2280118 
2280121 
2280124 
2280127 
2280130 
2280133 
2280135 
2132681 
2280137 
2280140 
2280143 
2280145 
2280147 
1981171 
183070 
183073 
183074 
183075 
183076 
183080 
183098 
183111 
183112 
183117 
1870678 
183149 
183150 
1981310 
1747841 
228255 
228256 
228260 
228261 
220099 
220101 
220104 
220105 
220106 
220107 
220111 
220116 
220117 
2272215 
2272218 
2272221 
2272224 
2272227 
2272230 
2272233 
2272236 
2272239 
220146 
2272242 
2272245 
2272248 
220155 
2272251 
220156 
220157 
220158 
2272254 
220160 
2272257 
220161 
2272260 
1842195 
1448998 
2276426 
2276429 
2276432 
2276435 
2276438 
2276441 
2276444 
2276447 
2276450 
2276453 
2030696 
2276456 
2272362 
2276459 
2272365 
2276462 
2272368 
2276465 
2272371 
2276468 
2272374 
2276471 
2272377 
2272380 
2272383 
2272386 
2272389 
2272392 
2272395 
2272398 
2272401 
2272404 
2272407 
212121 
212123 
2047131 
212126 
212127 
212128 
212129 
2047140 
212133 
2047143 
212135 
212138 
212139 
212140 
212141 
2047155 
2198746 
2272477 
2276573 
2272480 
2276576 
2272483 
2276579 
2272486 
2276582 
2272489 
2276585 
2272492 
2276588 
2272495 
2276591 
2272498 
2276594 
2272500 
2276597 
2276600 
2272505 
2276603 
2272510 
2276606 
2276609 
2272515 
2276612 
2276615 
2276618 
212255 
212256 
212257 
212258 
212267 
212268 
212269 
212270 
212273 
212274 
212275 
212276 
212285 
212286 
212287 
212288 
212303 
212304 
2276688 
212305 
212306 
2276691 
212308 
212309 
2276694 
212313 
2276697 
212314 
212315 
212316 
2276700 
2272604 
2272605 
212319 
2276703 
212320 
212321 
212322 
2276706 
2272610 
2272611 
2264421 
2276709 
2276711 
2264424 
212330 
212331 
2264427 
212332 
2276716 
212333 
2264430 
2264433 
2276721 
2264436 
2276724 
2264439 
2276727 
2276729 
2264442 
2264445 
2264448 
2264451 
2264454 
2264457 
2264460 
2264463 
2264466 
2276815 
2276816 
2276821 
2276822 
163299 
163300 
2264568 
2264571 
2264574 
2264577 
2264580 
2264583 
2264586 
2264589 
2264592 
2264595 
2264598 
2264601 
2264604 
2264607 
2264610 
2264613 
1957441 
2264683 
2264686 
163439 
163440 
163441 
2264689 
163444 
2264692 
2264695 
2264698 
2264701 
1781374 
2264704 
2264706 
2264711 
2264716 
2264721 
163497 
163502 
163527 
204499 
204500 
204501 
204502 
204511 
204512 
204513 
204514 
2264810 
2264811 
2264816 
2264817 
151307 
151308 
151309 
151310 
151320 
2211636 
2211639 
2211642 
2211645 
2211648 
2211651 
2211654 
2211657 
1531723 
2211660 
2211663 
2211666 
2211669 
2211672 
204634 
204635 
2211675 
2211678 
2211681 
204649 
204683 
151436 
151437 
151438 
151439 
204687 
204688 
151442 
151443 
151444 
204692 
151445 
204693 
151454 
151455 
151456 
151457 
151460 
204709 
151462 
204710 
151463 
151466 
204714 
151467 
204715 
151469 
151473 
151481 
2281401 
2281404 
2281407 
151490 
2281410 
151491 
151492 
151493 
2281413 
2211783 
2281416 
2211786 
2281419 
151500 
151501 
2211789 
2281422 
151503 
2211792 
2281425 
1261523 
2211795 
2281428 
2211798 
2281431 
2211801 
151513 
2281434 
2211804 
151517 
2281437 
151518 
2211807 
2281440 
2211810 
2281443 
2211813 
2154470 
2281446 
2211816 
2154473 
2211819 
2154476 
2211822 
2154479 
2211825 
2154482 
2211828 
2154485 
2154488 
2154491 
2154494 
)

// ************************************************************************* //
